Some((
    red: 0.8745098,
    green: 0.654902,
    blue: 0.90588236,
))