Some((
    red: 0.16874707,
    green: 0.1531294,
    blue: 0.24683547,
    alpha: 1.0,
))